A
44.1469    -0.292145   0.154125   0.0821464  -0.947842 0.0357799  -0.771135 -0.787873  0.419272    0.492289   0.624837   -0.544724   0.363632   0.191775   0.656681   0.883727   0.558659   -0.521938   -0.689983   -0.481601  0.959557    -0.193691  0.792445   0.226167  -0.0993482 -0.383725  0.183735   0.708884   0.387495     0.592045   0.497271    -0.316891  -0.229157  0.19014    0.429955    -0.804886  0.572792    0.00392613 0.667899   -0.540474  0.0426862  -0.535429  -0.394925  -0.0220161 0.668504   -0.12749   0.163543   -0.292866  -0.276609   -0.839826
-0.0740114 45.6365     -0.541832  0.806191   0.927989  -0.068977  0.677604  -0.0661533 -0.554927   -0.601564  0.0329043  -0.685063   -0.157105  0.515743   -0.341675  -0.698525  -0.0108213 -0.0242468  0.85397     0.736217   -0.442407   0.503679   0.846477   -0.395346 0.196966   0.67004    0.0279874  -0.425517  0.18917      -0.540372  -0.584081   -0.991643  -0.21529   -0.565049  -0.989406   -0.0285379 0.792669    -0.772795  0.503564   -0.617126  -0.0626248 -0.865051  -0.406178  -0.153196  -0.404352  0.283778   0.329044   -0.127949  -0.675666   -0.248227
-0.554397  -0.38175    47.1285    0.0243935  0.463356  0.434251   0.150503  -0.71432   -0.184522   0.116212   -0.543951  0.31499     0.888938   0.186459   0.953334   -0.460953  -0.694787  0.17477     -0.924072   0.648542   0.496263    0.855921   0.820453   0.145054  -0.990279  0.0716467  -0.19286   -0.746333  -0.000162662 -0.192032  0.341408    0.888992   -0.761683  0.00523627 -0.647002   0.827121   -0.166123   -0.318233  0.300358   0.468562   0.0573802  -0.556098  -0.547149  0.89475    -0.13159   0.742088   -0.791634  -0.0604855 0.951448    -0.185662
0.973616   0.954213    0.771946   55.5416    -0.898562 0.10064    0.0367987 -0.21316   -0.0469688  0.22303    0.931584   -0.306206   -0.338115  -0.622313  0.385854   -0.994068  -0.505296  -0.873569   0.369142    -0.192129  0.542547    -0.839333  0.910791   -0.12655  0.330977   -0.374485  -0.248278  0.528039   0.794923     -0.85878   0.840134    -0.975548  -0.863037  0.161436   0.760247    -0.157675  -0.887913   -0.525548  0.873166   0.250985   0.544172   0.824055   0.0383148  0.215775   -0.400065  -0.776282  -0.975061  -0.47504   -0.72       -0.499777
0.0667863  -0.574896   -0.106748  0.116332   49.7394   0.416332   -0.431291 0.759046   0.357416    -0.973475  -0.47256   0.957041    0.962038   -0.491753  -0.209242  0.772957   -0.300295  -0.84198    -0.539819   0.0731865  -0.14801    -0.893177  0.0359287  0.558376  0.727896   -0.947248  -0.894363  0.0202377  -0.660688    -0.296115  0.0411658   -0.969653  -0.0830612 -0.121877  -0.683185   0.738603   -0.44459    -0.801245  0.714777   -0.365401  -0.247479  0.812413   -0.579792  -0.54342   -0.234659  -0.332626  0.191089   0.717935   0.0519692   -0.882896
-0.0908332 -0.75514    0.850678   0.205616   0.0662642 47.372     0.969548  0.287606   0.387827    0.846816   -0.658679  -0.616639   -0.915128  -0.729826  -0.608163  0.925977   -0.194954  0.0692663   -0.407248   0.154672   0.162386    -0.43783   0.721971   0.22338   0.208866   -0.785441  -0.13163   -0.0952935 0.484972     -0.0631962 -0.853338   -0.921513  0.798559   -0.575127  0.198658    -0.571909  0.289094    -0.269829  0.43458    0.546423   0.77394    -0.477732  0.0605171  -0.8996    -0.471738  0.361632   0.355975   0.938302   -0.249679   0.0879433
0.181692   0.412033    -0.44744   -0.372698  0.123305  0.194464   48.967    0.950289   -0.307881   -0.81729   -0.946613  0.205119    0.360172   -0.0298261 -0.139442  0.0547186  0.883225   -0.727389   0.606026    0.0338354  -0.623478   0.695929   0.562961   0.786847  0.775566   0.114009   0.764221   -0.880984  -0.0594423   0.50587    -0.249992   0.654185   -0.797996  0.403286   0.466727    0.769607   0.782135    -0.518973  0.174491   0.70238    -0.41206   -0.376914  0.857406   -0.944078  0.405164   0.409716   0.693874   -0.115981  -0.17896    0.397549
-0.490298  -0.876786   0.812226   -0.185236  -0.109792 -0.730426  -0.81268  51.6334    0.0775918   -0.966484  -0.345116  0.461679    -0.181676  -0.52531   -0.836999  -0.392012  0.992829   0.675338    -0.489169   0.256677   0.914645    0.286544   0.189439   0.044059  -0.179274  0.248909   0.56614    0.490167   0.806529     -0.762553  0.0811177   -0.298725  0.647816   0.699483   -0.227148   0.4526     0.0683449   0.56713    -0.989039  0.581737   0.89129    0.25798    -0.34748   -0.821625  0.0610845  -0.468423  -0.988394  -0.105145  -0.728933   -0.849285
0.608258   -0.571507   0.152174   0.55887    -0.96673  -0.613213  -0.659141 0.2699     53.6158     -0.498922  -0.05534   0.514078    -0.752534  0.224126   -0.574566  0.603194   0.360236   -0.959923   0.259349    0.0633546  -0.983593   0.49473    -0.122168  0.980929  0.392988   0.871277   -0.618     0.488986   0.379821     -0.348062  -0.785583   0.418065   0.231898   0.71613    -0.92441    0.418123   0.251623    0.683163   0.884001   -0.984399  0.753803   0.0435239  -0.234027  0.969541   -0.216452  -0.445497  -0.587867  0.334644   -0.868406   -0.491712
0.353391   0.277344    0.124839   -0.0614663 0.928692  -0.0497617 -0.330687 -0.831     0.0322478   47.8461    -0.441548  0.0365268   0.758132   -0.773887  0.13863    -0.567219  0.429745   0.627232    0.669668    0.824547   -0.00344729 0.786367   0.966793   0.681065  -0.573243  0.554655   -0.902172  -0.211324  0.355263     0.442821   -0.00600032 0.915657   0.267697   -0.728216  -0.140754   0.381364   0.88864     -0.820273  0.138689   0.926238   -0.843268  -0.206117  -0.282807  0.121647   0.878869   0.476197   -0.214442  0.229049   0.993926    0.459502
-0.613685  -0.579191   -0.908312  0.563083   -0.561244 -0.629872  0.065225  0.609098   -0.235931   -0.740389  58.3824    0.521784    -0.741928  -0.388294  -0.490628  0.836832   -0.874237  0.775622    -0.536787   -0.381046  -0.676855   -0.492238  0.943693   0.781546  0.372813   0.170479   0.635893   0.382819   0.508198     -0.279493  0.882105    0.0868046  -0.583911  -0.686557  0.593094    0.455029   -0.440427   0.491876   -0.831662  0.317146   0.508615   -0.682562  0.538614   -0.643729  -0.869084  0.775671   0.887556   0.368174   0.877928    -0.6607
-0.253928  0.499784    0.872181   -0.95208   0.727842  0.080557   0.70074   0.806984   -0.496433   -0.149547  0.426845   52.869      0.22745    0.520177   0.305553   -0.658708  -0.289176  0.801691    -0.759907   0.661758   -0.693709   -0.421503  0.63289    -0.816545 -0.767583  -0.889867  -0.438525  0.693534   -0.701197    -0.123305  0.853019    0.401006   0.0430509  0.492207   0.278104    -0.473265  -0.331295   -0.145747  -0.746777  -0.197532  -0.327193  -0.643657  0.752798   -0.756414  0.273727   0.276255   0.309293   -0.999414  0.745266    -0.215695
0.781119   0.49414     -0.0807983 -0.173079  0.0354398 0.397131   0.326621  0.593855   0.449362    0.621478   0.919001   -0.335608   46.2391    0.681108   -0.257213  -0.296726  0.686689   0.129833    0.820485    0.463977   -0.914298   0.622325   -0.422191  -0.279033 0.559708   -0.360496  -0.587227  -0.393682  -0.340091    0.0231728  -0.417789   0.33875    0.0399965  -0.353901  -0.174174   -0.215127  0.882132    0.752633   0.0238555  -0.998489  -0.429258  -0.392536  0.818281   0.726662   0.447333   0.476407   -0.868077  0.109932   0.888828    -0.213196
0.782783   -0.968538   -0.574238  0.213904   0.568344  0.684415   0.242585  -0.476995  -0.711132   0.890673   -0.957362  -0.924816   -0.159288  52.44      -0.889596  -0.731281  -0.432557  -0.595234   -0.990829   0.291715   -0.8525     -0.412356  -0.521533  -0.737258 -0.707245  -0.510267  0.445139   -0.867185  -0.5504      -0.843655  -0.161855   -0.600414  -0.86772   0.13492    -0.384973   -0.0175156 -0.00801311 0.0862512  -0.228986  0.719007   -0.766723  0.394893   -0.319514  0.457321   0.757248   0.523173   -0.0741279 0.241045   0.0684      0.0612514
-0.21557   -0.33082    0.788872   -0.905501  0.546564  -0.270774  0.552879  0.570171   -0.940613   -0.551635  -0.0800368 -0.665219   -0.169614  -0.556905  52.6919    -0.578841  0.443177   -0.972401   -0.283207   -0.372235  -0.193734   -0.2267    -0.924133  0.43704   0.0287548  0.741401   -0.767867  0.931903   -0.531684    -0.456824  -0.965303   0.963759   -0.856576  0.771863   0.263174    0.868457   0.456343    -0.0477791 -0.194665  -0.461908  -0.0574746 0.847555   0.593921   0.0198535  -0.558611  0.393547   -0.815728  -0.795341  0.186136    -0.21898
0.89295    -0.224978   -0.933109  -0.0358136 -0.556435 0.350961   -0.775856 -0.193389  0.0977839   -0.401463  0.363362   0.209856    -0.0131367 -0.596277  0.0258746  51.5449    -0.250024  -0.645508   0.286203    -0.940418  -0.655168   0.447547   0.959621   0.798122  -0.372767  -0.826219  0.992674   -0.103741  -0.911309    0.633022   -0.432265   -0.218472  0.0935704  0.432122   -0.567921   -0.518614  0.774092    0.509511   0.133023   -0.810001  -0.994331  -0.775546  0.888243   -0.0706762 -0.620303  -0.391312  -0.419045  0.877345   -0.0617361  0.727053
0.694127   0.462789    0.045357   0.956903   0.52627   0.162889   -0.149539 0.0149829  0.813147    -0.215454  0.54955    -0.536572   -0.0475592 0.111748   0.622068   -0.21028   51.5994    -0.373435   0.663274    0.910186   0.950825    0.980958   -0.439275  0.0647678 -0.749501  -0.753401  -0.927603  -0.970602  -0.7264      -0.901159  0.575404    -0.271255  -0.718941  0.1307     -0.0969037  -0.530957  0.704906    -0.512882  0.489912   -0.0671464 0.145447   0.182561   0.906241   -0.358544  -0.189327  -0.526752  0.987889   -0.789102  -0.484418   -0.801833
-0.652295  -0.681966   0.87739    -0.54777   0.299461  0.340248   0.420569  -0.541083  -0.821622   -0.440486  0.88691    0.715574    0.0995078  -0.441077  0.941241   0.717285   0.655119   50.1974     -0.676293   0.583301   0.752385    -0.61414   0.487919   -0.49253  0.231827   0.201542   -0.858992  0.573434   0.00802121   -0.0542872 -0.269705   -0.911557  -0.845215  -0.182629  -0.0771776  0.219659   -0.0511765  0.0215629  -0.840926  0.739973   0.665378   -0.0374618 0.898801   0.863409   -0.588532  -0.113603  0.835992   -0.0823645 0.761591    0.254178
0.870357   -0.0943352  0.904596   -0.72335   0.66243   0.474471   0.841963  0.670402   -0.0216376  0.842394   0.461575   -0.946702   0.264914   0.932748   -0.136243  -0.728982  -0.106087  0.970653    51.8333     0.662122   -0.0602876  -0.839819  0.00227586 0.927185  0.776196   -0.879439  -0.163473  0.624476   0.265387     0.606835   -0.214308   -0.383633  0.279471   -0.168039  -0.306586   -0.596127  0.500384    0.838345   0.314527   -0.801653  0.909006   0.32472    0.520122   -0.222382  -0.257513  -0.151803  -0.672159  -0.0221268 0.871135    -0.309803
-0.458877  -0.367017   0.162494   0.0907232  0.256273  0.649282   0.0390339 -0.305369  0.817393    -0.697887  0.302933   -0.334259   0.103819   0.53888    -0.19882   0.569298   -0.251123  -0.0182936  0.506771    40.8121    0.14031     -0.632014  -0.446896  -0.340456 0.0474861  0.252408   -0.953961  0.662974   0.442629     -0.4581    -0.358404   -0.467494  0.112798   0.101601   -0.592061   -0.438426  0.0280801   -0.611068  0.16204    -0.604216  -0.201345  0.130689   0.919594   0.740365   0.181905   -0.820794  0.793613   0.403752   -0.137863   0.987374
0.507039   0.751963    -0.919213  -0.99417   0.603305  0.369627   -0.185424 0.776895   -0.346137   -0.716353  -0.748087  -0.175701   0.40641    0.50426    0.565986   0.212539   0.160918   0.651595    -0.105232   0.266255   52.1429     0.481873   -0.448923  -0.275713 0.0164298  0.768002   0.648632   0.974056   -0.241295    0.514713   -0.949735   0.444841   0.842598   -0.148633  0.51409     -0.642519  0.00734932  -0.850001  -0.337827  -0.0641678 0.539572   0.844332   -0.936567  0.527685   0.787189   -0.153202  -0.128379  0.679621   0.937529    -0.837923
0.912116   -0.436427   -0.0915743 -0.914923  0.304605  0.546781   -0.448265 -0.755754  -0.694825   -0.101074  -0.0118647 0.375629    -0.975451  0.466403   -0.792601  0.133296   0.0968606  -0.717516   -0.483958   0.607433   -0.385528   50.6579    0.668612   -0.760422 -0.308788  -0.0922584 0.790358   0.938952   -0.136371    0.755152   -0.378664   -0.126381  0.85733    -0.718099  -0.293988   0.266085   -0.012981   -0.740222  -0.590595  -0.763343  0.869017   -0.815048  0.585592   -0.775968  -0.68115   -0.0681713 0.826052   0.0227697  0.624617    0.313578
-0.0483809 0.399017    0.261499   0.404761   0.518158  -0.868197  -0.64346  -0.372098  -0.576365   0.850828   0.609645   -0.00436854 0.790403   -0.332625  0.00922303 -0.874752  -0.630544  0.822689    -0.731283   -0.230776  -0.945657   -0.375729  55.479     -0.794288 -0.145974  -0.170461  -0.250917  0.807203   0.610171     -0.801007  0.801893    -0.616049  0.0524631  -0.740167  -0.907677   0.293738   -0.715215   -0.478265  -0.74694   -0.733069  0.466532   0.403001   0.936545   0.45084    -0.0141884 0.628388   -0.771429  0.877755   -0.635006   -0.962153
0.429601   0.321438    -0.989713  0.967454   -0.887826 0.861756   -0.904174 0.570701   0.000442534 0.0211052  0.448899   0.489116    -0.643708  -0.0391199 -0.0693255 0.780286   0.656207   0.659589    0.833228    -0.299306  -0.664129   -0.424736  -0.0843212 50.5225   -0.866054  0.20345    0.0671902  -0.445585  0.60769      -0.547865  -0.147375   -0.580919  -0.929374  -0.796475  0.303294    0.228804   -0.690854   0.212982   0.33184    -0.647382  0.562371   -0.561196  -0.383334  -0.839864  -0.242472  0.260202   0.857564   0.566445   -0.4254     -0.758112
-0.852413  0.158561    0.880121   0.00339828 0.793534  -0.0222495 -0.765974 0.853176   -0.0347196  0.193752   0.0989638  0.533388    -0.62439   -0.185008  -0.736772  0.859724   -0.510237  -0.398818   -0.0919051  -0.459652  0.141758    0.544473   0.50296    0.884923  51.4448    -0.758433  -0.896182  -0.689596  -0.44251     0.124477   -0.0957863  0.553289   0.25339    -0.783899  -0.943699   0.393684   -0.646749   -0.566918  0.644937   0.287302   -0.244018  0.846291   0.644362   0.66995    -0.813803  0.0399649  -0.456091  0.27224    0.644449    -0.894209
0.894331   -0.886441   -0.967951  -0.625768  0.511452  -0.152675  0.174102  -0.741633  0.325959    0.0218306  -0.627381  -0.323167   0.312987   -0.229065  0.641656   0.172419   0.386009   -0.0432977  0.179681    0.684701   0.106099    0.137817   -0.528056  -0.990711 0.94872    45.2918    0.251607   -0.66976   0.251595     -0.636511  0.331897    -0.336835  0.558142   0.189089   0.337217    0.667953   -0.940228   -0.401609  0.909452   -0.309436  0.142262   0.917478   -0.230658  -0.559092  -0.434555  -0.206214  -0.794063  0.27059    -0.0480124  -0.0276978
-0.180501  0.562618    -0.291555  -0.820306  -0.992229 0.497892   -0.254973 0.539989   -0.431198   -0.337956  0.418142   0.192807    -0.0994227 -0.613276  0.491036   -0.0401933 -0.403373  0.0105417   -0.902434   0.908645   -0.756846   0.111006   -0.739861  -0.40419  -0.083337  -0.927903  46.8538    0.876575   -0.106327    -0.0372321 0.278087    0.857483   0.642649   -0.374686  -0.853043   -0.772367  0.32097     -0.78048   0.927637   -0.508664  -0.0856603 -0.32731   0.324526   0.723668   -0.294991  0.358527   -0.0288655 0.401541   0.0116745   0.87006
0.0901178  0.568639    -0.0883504 -0.0940385 0.958517  0.549662   0.442158  0.854105   0.194005    0.233313   -0.407261  0.936456    0.857764   -0.408198  -0.240208  -0.0803508 -0.47676   0.414152    -0.745068   0.524315   -0.65068    0.555454   -0.919799  -0.270572 -0.286895  0.704424   0.379059   50.1837    0.795712     0.724508   -0.462481   0.964703   -0.863583  0.156451   -0.715492   -0.20654   0.396198    0.345016   -0.99013   -0.248617  -0.906274  0.877528   0.175184   0.327355   -0.9248    0.165158   -0.484297  -0.128994  -0.144856   0.459187
-0.522792  -0.776921   0.476466   0.347628   -0.264088 -0.888281  -0.249752 -0.0299176 -0.69542    0.429061   -0.819764  -0.768065   0.961314   -0.239809  0.171664   -0.326621  0.369517   0.95378     -0.961123   0.619558   -0.974016   -0.117065  0.739241   0.886668  0.624451   0.994087   -0.405288  -0.773871  58.7501      0.595944   -0.913721   -0.0443714 -0.505046  0.924802   -0.539131   -0.320339  0.917325    0.518757   0.858735   0.699209   0.0289104  0.382847   -0.99179   0.498201   -0.644199  -0.515858  -0.894301  0.863023   -0.965307   0.165515
-0.289478  -0.819968   -0.213621  0.942344   -0.74887  -0.273773  -0.713541 0.945531   0.736073    0.171241   0.0899528  0.352598    -0.756905  -0.613701  0.0330393  -0.0174157 -0.144628  -0.218529   0.0935305   0.762364   0.50095     0.743901   0.307693   -0.410962 0.0745287  -0.0766686 -0.478316  -0.0911659 -0.404234    40.8808    0.19022     -0.0224111 0.0953794  0.280108   0.259101    -0.0819238 -0.4876     0.210578   -0.0546807 -0.897396  0.625419   0.887694   -0.613711  0.404525   0.744313   -0.243947  -0.965998  0.319683   -0.147796   0.450793
0.13212    0.261891    -0.376405  -0.238704  -0.289598 -0.742659  0.420104  -0.429116  0.405465    0.0278138  -0.190571  0.61592     0.930062   -0.464994  0.466017   -0.0213954 0.831193   -0.426227   0.776966    0.210741   0.93481     0.543574   -0.45903   -0.787939 -0.242036  -0.858263  0.212078   -0.897484  -0.919686    0.857969   49.1503     -0.782886  0.640195   -0.250395  0.0727503   0.170201   0.75481     0.0542671  -0.307105  -0.64221   -0.759645  0.990041   -0.0179135 0.510333   -0.229944  0.827701   0.391348   -0.218151  0.96656     0.980905
0.575104   0.131823    0.689699   0.348039   -0.477448 0.67874    0.974976  -0.283698  -0.51281    -0.449134  0.0609091  -0.475967   0.00226782 -0.0190613 0.0711447  -0.144845  0.644626   -0.650446   -0.185263   -0.298009  -0.616829   0.329914   -0.0927108 -0.810714 0.926814   0.572718   -0.957472  -0.223876  -0.284841    -0.995003  0.336649    45.5713    -0.428022  0.280019   -0.744799   -0.480084  -0.582936   -0.812457  -0.185499  0.201975   -0.841183  -0.0783887 0.425385   -0.697121  -0.0886353 0.562819   -0.820128  0.0650916  0.219316    0.913315
-0.19729   0.0959426   0.532143   -0.458275  0.885187  -0.632022  -0.600803 -0.75076   0.119314    0.177533   -0.388911  0.920328    -0.912797  0.705157   -0.242902  0.855424   -0.230457  0.701401    0.0544289   0.554469   0.499982    0.384192   0.638884   -0.637997 -0.338231  0.684834   0.3629     -0.198072  0.561391     0.278681   -0.521338   -0.539101  44.8389    0.344325   -0.584996   0.361403   0.746792    -0.211592  0.243028   0.530799   -0.170757  0.543239   -0.811194  -0.16194   0.141787   0.138877   -0.729302  -0.376074  -0.00732573 0.491078
-0.647235  0.023311    -0.216455  -0.668632  0.520401  -0.393828  -0.872292 0.646215   0.576836    0.749139   0.0893112  0.412913    -0.364979  0.541449   0.404985   0.13009    -0.645173  0.260089    0.243602    0.874111   0.230833    -0.833326  -0.250933  -0.431506 0.888952   -0.827744  -0.322726  0.776994   0.841559     -0.939154  0.697741    -0.392269  -0.482568  53.54      0.718566    -0.88547   0.363299    -0.876512  0.363937   0.574183   0.787284   0.0210223  -0.781421  0.0797008  0.51433    0.570265   -0.640286  -0.520752  -0.767205   -0.171033
-0.133406  0.669694    0.354252   -0.245641  0.923567  -0.693656  0.839189  -0.973192  -0.688057   0.368025   0.682091   0.220748    -0.970535  0.271693   0.152116   0.927883   0.0287616  -0.751844   0.722518    0.959573   -0.126167   0.982864   0.669552   0.767455  0.8321     -0.481096  0.267301   0.643815   0.0574919    -0.657754  0.514308    0.383912   0.971752   0.995272   54.1815     0.898683   -0.260439   0.378288   0.35289    -0.854809  -0.715334  0.774969   0.474395   -0.59037   0.0899646  -0.841997  0.163501   -0.363254  0.00711917  -0.147033
-0.186961  -0.507442   -0.975793  0.0275749  -0.699421 -0.245174  0.42063   0.972866   -0.692325   0.917835   -0.384738  0.195508    -0.556085  0.958397   0.199805   0.0469086  0.85151    0.650213    -0.214014   0.672838   -0.334437   -0.673942  -0.88969   -0.442502 0.555199   -0.281955  0.568746   -0.680458  -0.0981639   -0.218339  0.438275    0.886839   0.769897   0.3066     -0.519838   53.2476    -0.89734    -0.221744  0.0266124  0.157968   0.643042   -0.541471  -0.934078  -0.597774  -0.842572  0.302597   -0.894449  -0.700251  -0.957929   -0.620401
0.599406   -0.421636   -0.657575  0.895726   0.193474  -0.943904  -0.775446 0.661995   0.515691    -0.29595   0.46381    -0.827666   -0.44057   -0.212547  -0.820654  -0.3127    0.89012    0.801367    -0.573943   -0.435766  -0.028931   0.802438   -0.963667  0.156961  0.755094   0.267437   0.652762   0.893055   0.054155     -0.484315  0.470208    0.941045   0.975096   0.213272   -0.816924   0.645056   57.2902     0.548072   -0.408499  -0.526078  -0.746103  0.442207   0.674873   -0.242559  0.860091   -0.271428  0.995614   0.845518   0.201669    -0.479448
-0.211544  0.898274    0.69597    -0.746853  0.27659   -0.543578  -0.90711  0.685403   0.797754    0.285557   0.243511   0.264319    0.529656   0.164648   0.154261   0.602921   -0.134228  -0.874409   -0.00168417 -0.0385055 0.341864    -0.449255  0.726434   0.764141  0.168354   0.699      -0.483419  0.176579   -0.59982     -0.95372   -0.758062   0.666319   0.66083    -0.749229  -0.797082   0.106515   0.500858    49.0733    0.294428   -0.654536  0.761673   0.622256   0.20401    -0.163458  0.897124   -0.987327  0.604804   0.194632   0.00196149  0.454059
0.106538   0.97906     0.468921   0.18952    0.464846  -0.267144  -0.509537 0.081665   0.918202    0.465139   -0.880426  0.605727    0.263843   -0.864726  -0.103015  -0.278911  -0.693958  0.128348    0.252184    -0.343268  -0.20652    0.00852335 0.888761   -0.941761 0.634539   0.577477   -0.305869  0.801162   -0.773186    -0.155186  0.816439    0.270086   -0.0587179 0.388707   0.338705    -0.415003  0.120529    0.478368   46.5017    -0.724779  0.871208   -0.619867  0.460573   -0.181432  0.0768894  -0.495497  0.803077   -0.454286  0.686876    -0.483759
0.0927292  -0.972192   0.731833   -0.33322   0.0624008 0.117245   -0.823356 0.21934    0.313117    0.594895   0.241299   0.041505    0.484883   -0.584811  0.264266   -0.938643  -0.50315   -0.470817   -0.119989   -0.525394  -0.486651   -0.226376  -0.250165  0.22825   -0.943972  0.685839   0.615796   0.36327    0.206669     0.510378   -0.841561   0.694064   -0.639988  0.235937   -0.00109851 0.58262    0.560449    0.910554   0.226725   49.0468    -0.543232  -0.985989  0.31545    0.226608   -0.866739  0.890526   -0.860288  0.215714   -0.603974   0.376398
0.656878   0.0625285   -0.988681  -0.430323  -0.138201 -0.229572  -0.567095 0.170341   0.786442    0.18038    -0.757485  0.405818    0.844111   -0.279313  0.00947074 -0.413307  -0.220113  0.421682    0.0582792   -0.120756  0.880415    0.611032   -0.0284582 0.210289  -0.803069  -0.906893  0.223354   0.530754   -0.136796    0.188436   -0.854024   -0.082829  -0.608294  0.501987   -0.529216   -0.795578  -0.908053   -0.879782  0.312085   0.852059   47.4522    0.959929   -0.613925  -0.79948   0.558817   0.592573   0.644809   -0.298152  0.0882445   0.0260468
-0.192536  -0.825478   0.634112   -0.927983  0.272539  0.920468   0.965227  0.389672   0.389208    0.355658   -0.568971  0.418508    0.209386   -0.504158  0.837606   -0.653022  -0.112148  0.650312    -0.975191   -0.685118  -0.605155   -0.923665  0.651589   -0.516319 0.0164797  0.785298   -0.279357  0.576604   0.724853     0.7469     -0.721688   0.957562   -0.381424  0.778759   0.621465    0.0576794  0.178659    -0.440712  0.620499   0.839666   0.872776   56.7119    -0.599534  -0.247791  0.782419   -0.317686  -0.991509  0.562435   -0.128157   -0.898675
0.0858284  -0.430949   -0.753403  -0.110475  0.224041  0.2218     0.872046  -0.758722  -0.371944   -0.0243362 0.763641   0.616415    0.458774   0.536773   0.504368   -0.558823  0.948083   -0.00935392 0.601641    0.650092   0.0135897   0.468046   -0.0193212 0.778296  -0.221043  -0.960124  -0.348431  -0.144554  0.0477536    -0.545852  -0.0237669  0.665505   -0.636904  0.72414    0.932263    -0.793369  0.514986    -0.874051  0.586385   -0.590071  -0.101211  -0.507651  49.4073    -0.780649  -0.607319  0.994307   0.0796172  0.845422   0.738948    0.0293943
0.751624   0.337407    0.679518   0.0813322  -0.89067  0.0575565  -0.470983 0.11744    0.633028    -0.787208  0.964136   -0.990254   -0.617458  -0.338286  -0.368456  -0.847587  -0.676166  0.471625    0.423199    -0.929383  -0.223594   0.340367   0.281125   -0.783529 0.103741   -0.103426  0.857593   -0.625332  -0.939797    0.789591   0.931196    0.599944   0.123668   -0.520511  0.926318    0.0624155  -0.205514   0.697496   0.535818   -0.324796  -0.0278398 -0.809348  -0.81884   55.0421    -0.78439   0.849087   0.578993   -0.503791  0.126155    -0.712886
0.234802   -0.300278   -0.620859  -0.266734  0.918706  0.178091   -0.638083 0.0320968  -0.884725   -0.889683  0.859553   -0.0101155  -0.885743  -0.545242  0.562959   0.985827   -0.296549  -0.497818   0.126026    -0.28983   0.716964    0.729676   0.147637   -0.490734 0.939695   0.305002   -0.604627  -0.398083  0.645366     0.688058   0.884781    0.530116   0.793238   0.914003   0.758716    -0.0230442 -0.904701   -0.275435  0.954941   0.572516   -0.349611  -0.765826  0.928826   0.292667   54.5661    0.0137929  0.103118   -0.964647  -0.400348   -0.691887
-0.0204865 0.95929     0.549859   0.271812   0.562201  0.324548   -0.383792 -0.353679  0.383833    0.983516   0.732499   -0.548943   -0.224138  -0.942332  -0.978484  -0.335832  0.99308    0.931268    -0.851428   0.346358   0.270727    0.712252   -0.579063  0.500926  -0.755117  0.374808   -0.742847  -0.619227  -0.68937     0.706123   -0.113334   -0.479312  -0.428955  0.903095   -0.293203   0.377429   -0.0492149  -0.614334  -0.36794   0.880424   -0.896461  0.730801   0.66468    -0.132685  0.109461   54.6746    -0.756187  -0.811711  0.542525    0.0827834
0.00458776 -0.00532831 0.301759   0.642959   0.882993  -0.0182539 -0.980748 0.63162    0.710508    -0.441457  -0.725961  -0.364595   0.362418   -0.129663  0.911159   -0.332902  -0.0380107 -0.620729   0.278768    0.0218231  -0.830468   0.940616   0.0484324  0.397507  0.947072   0.685473   0.00747394 0.280515   0.809338     0.566683   0.653812    -0.570336  0.0981478  0.306482   -0.039711   0.0282399  0.365272    -0.855437  -0.103608  0.628011   -0.492515  -0.293575  -0.659672  -0.861798  -0.904589  0.750776   46.9001    0.543763   0.0685346   0.544395
-0.99664   -0.770795   -0.87294   0.313062   -0.276768 -0.84291   0.381601  -0.363391  -0.0672497  0.221097   0.874359   0.242375    0.155501   -0.120034  -0.998126  0.682095   0.404432   -0.235223   -0.757097   0.00524137 -0.276959   0.563321   -0.599401  -0.781323 0.10781    0.3837     0.945615   0.0244404  0.431811     0.530946   0.220879    -0.204437  -0.990437  0.815638   0.570244    0.194705   -0.980686   -0.595152  -0.505953  0.41153    -0.0228674 0.405992   0.794903   0.435737   -0.995915  -0.509799  0.791938   50.8693    0.909151    0.318862
0.0781019  -0.50217    0.792132   0.679888   -0.557099 0.773879   -0.645695 0.249143   -0.714      0.00755533 -0.213461  -0.828629   0.832495   -0.983652  -0.219537  0.168138   0.834656   0.180339    -0.974255   -0.578521  -0.651808   -0.959047  -0.128628  -0.298352 0.347786   0.650167   0.436751   -0.213871  0.894907     0.908831   -0.67481    0.844308   -0.957897  0.671636   -0.555438   -0.157004  0.231447    -0.414972  0.362541   -0.448904  -0.805831  -0.678407  0.981746   0.598059   0.247302   0.47958    0.824985   -0.979153  55.3951     0.183592
0.092014   -0.884889   -0.225328  0.68011    0.662166  -0.805638  0.787159  -0.904575  -0.330335   0.325785   -0.91954   0.746607    0.605473   -0.873694  0.2202     0.475946   0.164566   0.0942614   0.189423    0.550913   0.311586    0.833779   0.229294   -0.541973 0.951129   -0.914052  0.530146   0.860398   0.514377     -0.51017   0.83326     0.0492317  0.993651   0.705047   0.786811    0.462042   0.979397    -0.15748   0.881442   -0.63271   -0.575594  0.803268   0.0680805  -0.707059  -0.629017  -0.636432  -0.16574   -0.274297  0.990509    57.9548
B
-1.45172 -1.74912 -2.56082 -2.68897 -1.41181 -1.77478 -1.97856 -1.86561 -1.3627 -2.29315 -1.76106 -2.15627 -2.7681 -2.76786 -2.65603 -2.90251 -1.74814 -1.48269 -1.4347 -2.48019 -1.7565 -1.9547 -2.78108 -1.89668 -1.10271 -2.60474 -2.03459 -1.19961 -2.2049 -2.64393 -1.66509 -2.38115 -2.37179 -2.49917 -2.786 -2.23895 -2.60838 -1.78325 -2.56264 -1.43608 -2.69958 -2.50943 -2.74483 -2.69425 -1.23576 -1.54956 -1.55889 -1.83647 -1.79391 -2.58348
X
-0.0309535 -0.0420198 -0.0509094 -0.0507872 -0.0335065 -0.0381024 -0.0350007 -0.0388224 -0.0239521 -0.0417369 -0.031149 -0.0415248 -0.0556634 -0.0616148 -0.053508 -0.0590935 -0.0337448 -0.0265049 -0.0220831 -0.0606937 -0.029356 -0.0399306 -0.0542104 -0.0403134 -0.0212909 -0.0589098 -0.0445073 -0.0206068 -0.0358076 -0.0640027 -0.0315084 -0.0569245 -0.0493874 -0.0479946 -0.045344 -0.0449481 -0.0444426 -0.031713 -0.0524923 -0.0295139 -0.0601699 -0.0411448 -0.0528764 -0.0511324 -0.0200379 -0.0280703 -0.0298744 -0.0358765 -0.0317564 -0.0401039
Determinant
14608600000000000000000000000000000000000000000000000000000000000000000000000000000000.