A
16.2266    -0.51821     0.440546   0.102305  0.0925127 -0.693615  0.263881    -0.43157  -0.305699 -0.293037 -0.512258  0.189339   -0.436645  -0.530196 -0.804205  0.488982  0.811906  0.164104   0.922991  0.0311199
0.984411   19.8634      0.948284   0.913974  0.722189  0.544408   0.277964    0.0442686 -0.11564  -0.821431 -0.0221243 0.958087   0.52442    -0.192833 0.00132537 0.351515  0.489694  -0.512599  -0.158741 -0.823065
0.687997   0.774752     18.7213    -0.265678 0.594491  0.420626   0.172984    0.14543   -0.433723 0.942698  -0.471245  -0.152869  0.877264   -0.669747 -0.0980043 -0.509007 0.848041  0.600791   0.0752878 0.556813
-0.133454  -0.966609    -0.834494  16.7092   -0.862224 -0.836821  0.826902    -0.370217 0.671306  0.600769  0.0146152  0.559944   -0.0536731 0.331839  0.401978   0.0795054 0.466998  -0.140351  -0.129305 -0.0500818
-0.494455  0.76196      -0.56332   0.568408  21.8918   0.418524   0.956546    -0.454675 -0.698432 -0.810211 0.66083    -0.85207   -0.959917  -0.1082   0.319116   0.810229  0.0192488 0.119919   0.627999  -0.460673
-0.716765  0.228812     0.601956   0.968819  0.617942  20.2682    -0.76488    0.836319  0.0130789 -0.493505 -0.341487  -0.33654   -0.134776  0.712131  -0.267548  0.92216   0.345592  -0.492392  -0.421617 0.514237
-0.261623  0.663604     0.496718   0.596147  0.353027  0.82484    20.0625     0.953516  0.228835  -0.617723 0.40744    -0.213711  -0.0910846 -0.18287  0.739597   -0.920295 -0.433193 0.584801   -0.282841 -0.970794
0.550336   -0.854606    -0.0578173 -0.61974  -0.386351 0.216971   0.152192    17.7119   0.80419   -0.731391 -0.0446668 -0.161703  -0.992432  -0.497343 0.606252   0.0112008 0.111904  0.108985   -0.170359 0.912041
-0.794643  0.401872     -0.837606  0.916732  0.697375  -0.901932  -0.108339   0.119533  22.372    0.577046  -0.547062  0.951602   -0.849306  -0.970024 -0.203325  0.0234568 0.5007    -0.126417  0.81767   -0.0875668
-0.663392  0.677481     -0.209944  -0.519251 0.911345  0.597058   -0.94849    -0.644578 -0.19514  19.4035   0.300022   -0.208577  0.862664   0.375313  0.750857   0.322058  -0.854587 -0.0471534 0.017283  0.183739
-0.778734  -0.666166    0.376235   -0.966127 -0.944711 0.264588   0.0054708   0.540588  0.932933  -0.172865 19.307     0.834748   -0.854718  0.655169  -0.352081  0.125438  0.332617  0.366222   -0.100714 0.0833297
0.506588   -0.820432    0.724338   -0.596624 0.466582  0.657487   0.53223     0.5554    0.991836  -0.716422 -0.772751  25.9355    0.348761   0.908701  0.4093     0.928412  -0.756229 0.388803   -0.823258 -0.205059
-0.0412145 0.47932      0.746794   -0.48225  -0.612417 -0.920991  -0.422584   -0.497121 0.239906  -0.031896 0.207918   -0.970945  18.4696    -0.282698 0.644931   0.633224  -0.745894 -0.0721183 0.21967   -0.652463
0.847004   -0.664441    -0.403479  0.768397  0.672355  -0.0843111 -0.985717   -0.96242  -0.568547 -0.939921 0.464886   -0.0726903 -0.412987  23.6394   0.824168   0.0233913 0.996041  0.0971481  -0.696487 -0.684525
-0.110866  0.803126     0.976818   -0.542211 -0.412069 0.788035   -0.365539   0.971642  0.782188  0.677959  -0.798168  -0.0057203 -0.540877  0.958431  24.2378    -0.922205 0.762729  -0.475829  0.249258  -0.767531
0.2298     -0.98168     -0.687135  -0.38701  -0.34786  0.17057    -0.657514   0.842943  -0.680524 0.1912    -0.980438  -0.749652  -0.125151  0.906625  0.539185   20.8869   -0.44121  -0.353173  0.0329503 -0.77552
0.30788    -0.183411    -0.66211   0.225666  0.548845  -0.985062  -0.956328   -0.324395 0.567304  -0.086183 -0.389845  -0.761735  0.979352   0.931022  -0.333374  -0.792899 21.7024   -0.117467  0.960253  0.682599
0.886542   0.731804     -0.597241  0.0164575 0.427448  -0.613627  -0.0827049  0.930091  0.844308  -0.962115 -0.743387  -0.473069  -0.121141  0.586052  -0.337067  -0.272833 0.264034  21.7175    -0.588787 -0.40561
0.388465   -0.000604814 -0.977253  0.82459   0.987795  -0.669682  -0.00777515 -0.657546 0.901108  -0.99895  -0.104144  0.954622   0.32297    0.58381   -0.550757  0.280724  0.0963095 0.931273   21.1012   -0.21425
0.534684   0.722035     -0.712178  -0.479212 0.47963   -0.452021  -0.367001   -0.947317 0.0391707 -0.255288 -0.0343022 -0.948139  0.599391   -0.714879 -0.974493  0.254532  -0.249488 0.382283   -0.302133 20.7884
B
-1.43833 -1.15472 -2.51315 -2.19784 -2.6755 -1.82658 -1.89405 -2.7317 -2.37368 -1.56719 -2.50719 -2.20753 -2.84717 -2.93888 -1.52618 -2.40183 -2.11187 -1.63264 -2.2128 -2.48567
X
-0.0948758 -0.0346623 -0.115861 -0.134816 -0.128049 -0.070998 -0.0874695 -0.162244 -0.112571 -0.0771281 -0.132484 -0.0695056 -0.170391 -0.133022 -0.0594587 -0.133154 -0.0912583 -0.0750721 -0.0920671 -0.136525
Determinant
157729000000000000000000000.