A
27.7106    0.222622   -0.366607  0.576751   0.674174   -0.744234  -0.571047  0.209195  0.0509161  0.299594   -0.691769 0.0289532  0.0571556  -0.739641 0.886516   0.416107  -0.140875  -0.907385 -0.866685  -0.384697  -0.517566  -0.499924  0.208215   -0.310314 -0.619835  -0.360908 -0.192521 -0.15335  -0.848761 0.310869
-0.410584  30.0512    0.524655   -0.815815  -0.040857  -0.250327  -0.155776  -0.842414 -0.119802  -0.769556  0.776047  0.756718   0.877932   0.863877  0.796551   0.252105  -0.0156976 -0.191308 -0.757858  -0.715995  0.484408   0.184181   -0.214711  0.307363  0.701479   -0.210328 -0.609202 0.800681  -0.516509 0.92562
-0.882834  0.489663   30.6052    -0.661822  -0.834774  -0.832485  0.321833   0.477062  0.690881   -0.0308967 -0.597644 0.148286   -0.778104  -0.793429 0.690008   0.207906  0.16727    -0.28704  0.831052   -0.497388  0.7699     -0.0539456 -0.349603  0.997672  0.447889   0.854661  0.0961987 0.975493  0.262995  -0.061087
-0.596172  -0.761826  0.663104   28.6751    -0.258715  -0.0361185 0.189013   0.0326325 -0.0360054 0.822663   -0.322028 0.478768   -0.627699  -0.367566 -0.890817  0.932534  0.358294   -0.184314 0.842842   -0.0317373 0.517981   0.711456   -0.915781  0.127029  0.707804   0.542754  -0.582729 -0.793462 -0.325541 0.230358
-0.975912  0.703424   -0.530713  -0.996856  37.0628    -0.878512  0.962893   0.149319  -0.124383  0.282089   0.76755   0.925358   0.647092   0.719684  -0.965818  -0.516127 0.915969   -0.254854 -0.0512552 0.198973   -0.0754753 -0.952437  -0.428096  -0.602027 -0.305305  0.780135  -0.804021 0.676622  -0.772789 -0.813564
-0.507008  -0.512759  -0.284847  0.319057   -0.0588642 24.2229    0.418193   -0.248932 -0.378401  0.608241   0.946162  -0.749889  0.140314   0.334602  -0.542538  0.789015  -0.161363  -0.557525 0.0821252  0.396788   0.0221047  -0.322478  -0.548489  0.576573  -0.137054  -0.694532 0.12507   -0.544298 0.741494  -0.298909
0.560558   0.577112   -0.328948  -0.205055  0.755832   0.4333     29.0441    0.336021  0.675525   0.00921167 -0.768742 0.661918   -0.307697  0.94571   -0.308725  0.230635  0.0369415  0.733292  -0.755391  -0.564663  0.65072    -0.744368  -0.18258   -0.407887 -0.93411   -0.116345 -0.225131 0.314391  -0.695533 -0.741874
-0.414019  0.820211   -0.149335  0.582647   -0.391107  0.789402   0.674133   30.9462   -0.294389  0.538825   0.330967  0.433441   -0.204222  -0.234502 0.373346   0.729785  -0.903877  0.189652  0.877849   -0.570427  0.300956   -0.797507  -0.471444  0.116342  -0.71258   -0.806575 0.222156  -0.584425 -0.793578 0.367283
-0.191131  0.962825   0.403283   -0.728709  0.620243   -0.613462  -0.226802  0.143183  30.5067    -0.259231  -0.138208 -0.543334  0.817451   0.536535  0.955936   0.358419  -0.219947  0.157442  0.358185   -0.74572   -0.268364  -0.618052  -0.931328  0.734636  -0.144855  0.21282   -0.832452 -0.790303 0.638374  0.982675
-0.862379  0.707295   -0.0712141 -0.437971  -0.0283452 0.82109    -0.13001   -0.114517 0.623416   27.4301    -0.180903 0.319902   0.862905   -0.429122 -0.520304  0.426826  -0.97511   0.698966  -0.496009  -0.188511  -0.814543  0.0160064  -0.131703  0.0216784 -0.335299  0.0437053 -0.913795 -0.115103 0.808831  -0.661414
0.13472    0.29893    0.703974   0.129712   0.442344   -0.9081    0.249747   -0.472481 -0.617174  -0.368842  33.67     0.919984   -0.330859  0.0550291 0.787943   -0.762746 -0.537316  -0.194243 0.511151   0.57803    -0.190064  -0.777538  0.962471   -0.674521 -0.761221  -0.76978  -0.904711 0.883816  0.431036  0.780592
0.779436   -0.421069  -0.31585   -0.854083  -0.642881  -0.668285  -0.480654  0.723343  -0.219337  0.814213   -0.657341 36.6853    -0.650217  -0.364142 -0.0594709 0.534043  0.653308   -0.246081 -0.329723  0.71414    0.877368   -0.891832  0.3197     -0.817984 -0.925738  -0.392212 -0.973949 -0.701554 -0.805286 -0.731382
0.0244553  0.901406   -0.484122  0.412185   -0.901153  0.0897966  -0.292501  0.835774  -0.888179  -0.671206  0.141917  -0.853615  30.7846    0.269258  -0.871682  0.859167  -0.0306334 0.817551  -0.830363  0.811243   0.760484   0.0952833  0.272889   0.278253  0.882591   0.338455  -0.051549 0.141885  -0.893558 0.329595
-0.820344  0.664505   0.833214   0.757026   0.319504   -0.471251  -0.138574  -0.386591 -0.0387749 -0.358334  -0.981952 0.92712    0.837424   35.2982   0.147972   -0.471204 -0.890632  0.422343  -0.852875  -0.349334  0.819321   0.250544   -0.545985  -0.808095 -0.725694  0.735303  -0.976475 -0.798605 0.387214  -0.389555
0.50771    -0.264641  0.915797   -0.410054  0.731403   0.567854   0.819159   -0.680865 -0.614484  -0.275313  0.668879  -0.75488   -0.0366929 -0.38061  33.6618    -0.523354 -0.629048  -0.918768 0.313514   0.367181   -0.733022  -0.997077  -0.0912211 -0.860655 -0.294489  0.523665  -0.643283 -0.309288 0.508623  -0.824296
-0.487358  -0.0877715 0.604107   0.418973   0.937277   0.0122461  0.561509   0.797729  0.983096   -0.723536  0.0602775 0.355603   -0.444214  -0.890498 0.281753   28.6085   0.165682   0.585837  -0.335894  -0.373272  -0.111676  0.847084   0.90599    -0.356204 0.0774764  0.369688  -0.850085 0.414767  -0.421508 -0.156124
0.446343   0.570306   -0.292148  -0.0111827 -0.906889  0.559305   -0.580329  -0.14268  -0.424646  -0.370319  -0.85123  0.944832   0.381742   -0.985268 0.178017   -0.529511 31.4553    0.571125  0.373637   0.298011   0.430856   0.55129    -0.621441  0.561918  0.572979   -0.571582 0.27144   0.906316  0.0981633 -0.735647
0.0539169  0.750659   -0.912573  0.184786   0.863022   0.383895   -0.508445  -0.228392 0.841001   0.553206   0.041524  0.844157   -0.0554097 -0.24962  -0.655876  0.548922  0.892321   28.6772   -0.202907  -0.87533   -0.395002  -0.908035  -0.349967  0.947855  -0.0964577 -0.682098 -0.380726 0.269425  -0.145967 0.366817
0.645806   0.169729   -0.094476  -0.918542  -0.217734  -0.908247  0.0209695  -0.358741 -0.0662905 0.103172   0.469932  -0.318391  0.649677   0.471568  0.26456    0.991899  -0.520122  -0.981698 25.8137    0.464691   -0.0316968 0.718358   0.917859   -0.13143  -0.686733  0.17492   0.982378  -0.221062 0.209684  0.0296219
0.785369   0.13416    -0.380354  0.320864   -0.447686  0.879627   -0.298913  0.471355  0.980743   -0.794894  0.454812  -0.61991   0.1384     0.557461  -0.260569  0.469086  -0.128957  -0.419909 0.583321   30.0373    -0.700347  -0.983784  0.555561   -0.103034 0.675626   0.231162  0.906706  0.521274  -0.110995 -0.321804
0.117676   -0.324065  0.0523459  -0.812425  0.0202678  -0.298455  0.576063   -0.18039  0.226926   0.609361   -0.971237 0.667627   0.973119   0.664371  -0.369605  -0.989027 0.824192   -0.639817 0.797755   -0.327538  27.2771    0.450321   -0.206412  -0.238967 -0.0696162 -0.102345 0.155456  -0.955434 0.377733  0.210054
0.175662   0.412319   -0.403626  0.223209   0.931488   -0.960214  0.899413   0.374543  0.775396   -0.715413  -0.936186 0.19393    0.969614   -0.214179 0.63389    0.120805  0.833427   0.158182  0.957603   -0.460109  0.326347   32.8314    -0.888074  0.264435  -0.897466  0.635929  0.132404  -0.47168  -0.879271 0.0698404
-0.940538  -0.442044  -0.576313  0.345762   0.486762   0.501904   -0.476416  -0.30697  0.23862    -0.62484   0.143731  0.861075   0.860715   -0.580407 0.139535   0.602742  -0.726004  -0.478596 -0.589838  -0.42658   0.263039   -0.943925  30.909     0.0617011 -0.532373  0.728496  -0.650587 0.495052  -0.380411 0.394746
0.29082    0.563741   0.512212   -0.159387  -0.795587  -0.384857  -0.0205759 0.0857267 0.0427381  0.343143   0.540477  -0.0746009 -0.75517   0.165943  -0.264769  0.742964  0.876607   -0.865601 0.454468   0.898268   0.603997   0.485859   -0.337758  29.0363   0.916683   -0.617333 0.115059  -0.771723 -0.972569 -0.536473
-0.0964882 0.277775   -0.384537  0.102973   0.225742   0.0662404  -0.202395  0.268051  0.922131   -0.392458  0.671133  0.311754   -0.674941  -0.489541 -0.875178  -0.888864 0.068279   -0.752075 -0.060394  0.918475   -0.179344  0.152187   -0.331733  -0.361349 26.2942    0.66921   0.375589  0.813702  -0.303958 0.683332
-0.971145  -0.293881  -0.499853  -0.877126  0.676639   0.577964   0.359404   0.978373  0.0888164  -0.655119  0.400726  0.573908   -0.947566  0.229158  0.58573    -0.394924 0.904973   0.933637  -0.331104  0.282927   -0.691551  -0.579346  -0.123063  0.342433  0.241124   30.3721   -0.880143 0.22072   0.272089  -0.176985
-0.491727  0.127749   0.44728    0.750104   0.593794   -0.438976  0.781511   0.318731  -0.413755  0.484489   0.271026  0.594257   0.0794004  -0.499684 -0.560996  0.889868  0.0735545  0.39576   0.630072   -0.616898  -0.898316  0.895111   -0.899785  -0.260688 0.152055   0.137534  30.4593   -0.908699 -0.951153 0.00350231
-0.394732  -0.296542  0.528995   -0.722793  -0.546018  0.662333   -0.953638  0.882846  0.496785   -0.256352  -0.350305 0.749824   0.399744   -0.757305 -0.383787  -0.349759 -0.662885  0.892477  -0.876668  -0.184938  0.400064   0.635329   0.440178   0.97755   -0.756042  0.300467  0.606229  34.3302   0.782253  0.766241
-0.425719  0.374679   0.551965   0.854207   0.550258   0.809883   0.754772   -0.195845 0.636449   0.134343   0.958379  0.328238   -0.984236  0.304188  -0.668518  0.317912  0.920415   -0.899355 -0.177604  0.913331   0.0633009  -0.754084  0.892544   0.445598  -0.107111  -0.453352 -0.439482 0.96887   33.7857   0.809903
0.940616   -0.336775  0.401469   0.9273     0.371564   -0.0971115 -0.468954  -0.723784 0.456767   0.509827   -0.341929 -0.695895  0.636057   0.226917  -0.411549  0.37112   0.453312   0.299778  0.427951   0.383461   0.359606   -0.357596  -0.702139  0.274918  0.887052   0.125452  0.39794   -0.43095  -0.391164 26.9325
B
-2.42812 -1.07812 -1.91175 -1.41562 -2.04175 -2.57029 -2.17992 -1.37534 -2.79735 -1.99221 -2.11506 -1.902 -2.37334 -1.37964 -1.16498 -1.96687 -1.67159 -2.06916 -2.70748 -1.77535 -2.23423 -2.73391 -2.43569 -1.38809 -1.83433 -2.54074 -2.04444 -2.91577 -1.25674 -2.52248
X
-0.101871 -0.0326696 -0.0596649 -0.0461449 -0.0602706 -0.112277 -0.0749312 -0.0434342 -0.0943759 -0.0782119 -0.0654334 -0.0637424 -0.0752735 -0.0471857 -0.0419215 -0.0603087 -0.0511431 -0.0703289 -0.100085 -0.0495081 -0.0796201 -0.0785095 -0.0829375 -0.046254 -0.0661561 -0.086214 -0.0657025 -0.0802847 -0.0247475 -0.0829313
Determinant
274375000000000000000000000000000000000000000.