A
31.4493    0.838115   -0.244558  0.202647    -0.235498  0.497896  -0.32691    0.540342   -0.364995   -0.487486  0.0189219  0.281725  0.0495717  -0.496237  -0.221295  -0.720857  -0.257548 0.113615    -0.296378  -0.70019   -0.799506  -0.488674  0.0202879 0.371781   0.596608   0.167115   0.491128   -0.943713   -0.575858   -0.241864  0.894504    -0.530941  0.0497351 -0.458749 0.284943   -0.111408 -0.3099    0.455764   0.369976    0.608919
-0.564342  37.7045    -0.484945  -0.26055    -0.459554  -0.771368 -0.791937   -0.0947583 0.423779    0.723028   -0.127398  0.595674  0.195813   -0.128668  -0.257828  -0.761751  -0.21212  -0.468405   0.373514   0.758887   -0.948366  -0.726315  0.553274  0.811449   0.745499   -0.587515  0.171346   -0.377594   -0.0178719  0.0258164  -0.898966   0.163428   0.457573  0.241166  -0.121726  0.243068  -0.818582  -0.965545  -0.439163   -0.158749
-0.563814  0.754712   40.1047    -0.289628   0.531692   -0.167999 -0.460865   -0.399618  -0.300866   0.738616   0.785116   0.632972  0.577314   0.491499   0.266827   -0.268329  0.640143  -0.70178    -0.183777  0.205405   -0.172024  -0.936141  0.252414  0.8429     -0.869475  -0.632048  -0.339305  -0.793075   -0.832901   0.116555   -0.24232    0.325408   -0.971006 0.523402  -0.334281  -0.183396 0.810397   -0.597875  0.570587    -0.212841
-0.17688   -0.852114  0.423026   42.95       -0.182341  -0.101602 0.382528    -0.396429  -0.895818   0.993933   0.355334   -0.35046  0.397978   -0.150397  -0.193053  -0.466254  -0.955923 -0.576498   -0.386084  0.661771   0.674033   -0.498263  -0.483399 0.996363   -0.135829  -0.452806  -0.911082  -0.77731    -0.638523   0.216716   -0.737028   -0.90685   -0.59055  -0.377584 0.454809   0.781385  0.760986   0.0804773  -0.375712   -0.964262
0.714768   -0.328136  0.340948   -0.704312   43.5867    -0.385772 0.300964    0.00342737 0.866595    -0.934712  -0.495542  0.796585  0.74946    -0.0268868 -0.137905  -0.989451  0.388789  0.853499    0.644345   0.0287303  -0.721208  -0.876262  -0.724485 0.935243   -0.334557  -0.369698  0.496695   -0.763771   0.365449    0.452764   0.672873    0.772034   -0.806871 -0.938351 0.031561   -0.636135 -0.104329  0.488878   0.59636     0.835291
-0.244049  0.670388   -0.134279  0.805849    0.430616   36.5554   -0.380519   0.350462   -0.281017   0.796769   -0.703595  0.273508  -0.0263598 0.319671   -0.0321164 -0.837193  0.0259835 0.568443    0.925748   -0.206642  0.632115   0.0868238  0.781794  -0.437895  0.880266   0.668639   -0.507507  0.462811    -0.50013    0.349349   0.337461    0.136315   0.0630464 0.560174  -0.962386  -0.236635 0.398746   -0.625464  0.519461    -0.196235
-0.637922  0.882525   -0.0954652 0.354075    -0.526214  0.338846  37.7044     -0.960942  -0.102663   -0.0859951 0.734559   0.437801  0.136311   -0.180261  -0.843902  0.191027   -0.42578  0.985474    0.560702   -0.186127  0.643409   0.254934   0.386407  0.0131313  -0.0894749 0.327537   -0.324768  -0.75178    0.82262     0.541392   0.791999    -0.232317  -0.485836 -0.22311  -0.930444  0.63416   -0.832139  -0.528647  0.0589767   0.558004
0.578158   -0.534549  -0.972023  -0.925834   0.947205   0.149179  -0.90429    46.9462    0.904923    -0.0484627 -0.622854  0.322798  -0.778474  -0.815812  0.835709   -0.831255  -0.143637 -0.18985    0.569929   -0.525842  -0.341417  -0.854877  -0.773072 0.445663   0.972518   0.423574   0.116067   0.170003    -0.169211   0.556358   0.958691    -0.745327  0.335852  0.598828  -0.975429  0.708252  0.350073   -0.772861  -0.00720036 0.84603
0.0957408  -0.73625   0.403588   0.0427498   -0.657135  0.179763  0.657649    0.661148   40.6703     0.347071   -0.0320347 -0.953035 -0.920198  0.809799   0.269604   -0.178911  0.85281   -0.107347   -0.271283  -0.0374215 0.471632   0.703094   0.289219  0.838547   0.4588     -0.926083  -0.42062   0.989322    -0.738255   -0.960618  -0.189595   -0.523152  0.166293  -0.927914 0.581921   -0.566909 -0.824504  -0.529859  0.430396    0.0919509
-0.223529  -0.686499  0.214772   -0.153723   -0.272885  -0.511638 0.464187    0.689551   0.092381    38.1241    -0.142731  -0.930212 0.965339   0.637708   0.53525    -0.665291  -0.104388 0.531872    -0.567136  0.360291   0.641892   -0.841818  0.516779  -0.0690291 0.0366276  0.535478   -0.404407  0.704792    0.558219    0.571047   -0.185012   0.630881   -0.233214 -0.344561 -0.433011  -0.993104 0.498632   0.482429   0.969473    0.537365
0.358272   0.208416   -0.592205  -0.0568713  -0.387565  0.428554  0.648008    -0.0817883 0.400637    0.121385   39.0801    -0.758175 -0.786433  -0.53208   0.525755   -0.777159  -0.999066 -0.35205    0.883589   -0.85257   0.00535045 0.19109    -0.645906 -0.670549  -0.151844  -0.724676  0.409725   0.500709    0.703312    0.256888   -0.635791   0.241259   -0.965926 -0.881247 0.431132   -0.917005 -0.036879  0.748064   -0.241182   -0.161984
-0.253101  -0.952284  -0.897777  -0.658927   0.138185   0.840522  0.950511    0.972247   0.030602    -0.169338  0.430825   41.4116   0.88122    -0.45089   -0.940244  -0.123345  0.811053  -0.029034   0.846876   -0.93507   -0.154558  -0.63297   0.108076  -0.816836  -0.567444  -0.995869  -0.149859  -0.723633   -0.435402   0.229396   0.612814    0.542495   -0.683617 -0.371376 0.667274   -0.151619 0.521155   0.0764537  -0.392372   -0.13244
0.0245689  0.902629   0.271443   0.941929    -0.74598   0.818266  0.188301    -0.639411  -0.152289   -0.915035  0.565158   -0.107916 38.6212    -0.3016    0.475642   0.437486   -0.488605 0.228671    -0.594947  0.557795   -0.359145  0.895943   -0.591736 0.749785   -0.631487  -0.0756191 -0.909177  0.40067     -0.470259   -0.202027  -0.0582149  0.753882   0.375595  -0.435054 0.0479193  -0.462142 -0.294869  0.69983    0.277971    0.905991
0.405799   0.338706   0.134731   0.993764    -0.172867  0.160577  -0.0556623  0.786386   0.572003    -0.0613895 -0.579576  0.827089  -0.722223  36.4842    0.414223   0.89665    -0.529572 0.509402    0.644739   -0.979616  0.519013   0.69301    -0.490955 -0.536226  0.121684   -0.0246324 -0.278315  0.184306    -0.410654   0.692468   0.864916    -0.661854  0.13014   0.32691   -0.12546   -0.670776 0.343433   -0.391212  0.676182    0.118169
-0.619135  -0.0786742 0.374601   0.452614    0.837378   -0.278625 -0.838399   -0.645927  -0.447894   0.977303   -0.151752  0.820919  0.0920351  0.21253    39.7173    -0.888944  -0.367489 -0.385455   -0.917385  0.462098   -0.416544  -0.0768643 -0.227904 -0.577048  -0.644601  0.181639   -0.606792  0.986356    -0.963621   -0.229005  0.00866453  -0.536174  -0.317712 -0.465492 0.299397   -0.882954 -0.0992987 -0.66254   -0.609518   0.61268
-0.522545  -0.0178979 0.725027   0.108689    -0.69179   -0.584595 -0.473128   0.944191   -0.0327519  0.937012   -0.708022  -0.119699 0.304608   -0.821346  -0.522312  47.1511    -0.44535  0.0710008   -0.958869  0.0683526  0.523847   -0.794299  0.908173  0.667549   -0.250115  0.888329   0.736329   0.885031    0.431982    0.566097   0.712819    0.833229   0.917321  0.526239  -0.916193  -0.669872 0.994735   0.345025   -0.435985   -0.991654
-0.427204  -0.850167  0.693561   0.832935    -0.0229392 0.609717  -0.0178438  -0.486242  -0.0556259  0.512427   0.948558   0.0173936 0.932822   -0.737589  -0.602763  0.405899   38.6119   0.317711    -0.453212  0.70343    -0.667068  0.782367   -0.153612 0.691399   -0.205978  -0.0452449 0.90508    -0.00484567 -0.363306   0.368757   -0.761286   -0.932645  0.990489  -0.500526 -0.330948  -0.133778 -0.120362  -0.431443  0.0014559   -0.600469
-0.836151  -0.9545    -0.569831  0.571743    0.669524   0.224846  0.854529    -0.0247661 0.863455    0.184808   -0.407504  -0.742989 -0.585707  -0.773278  0.627178   0.951632   -0.644927 47.4953     0.643677   -0.927162  -0.432863  0.94424    0.894312  -0.936306  0.43472    0.874219   0.983183   -0.0500145  0.749768    -0.646968  -0.926674   0.907077   -0.477951 -0.42787  -0.0871635 -0.306776 -0.121016  0.379022   0.287857    -0.615731
-0.458488  0.83938    -0.410282  0.224277    -0.59989   0.114381  -0.865019   -0.372296  0.0670886   0.662428   -0.292274  -0.203148 -0.172405  0.58061    -0.175776  -0.991626  0.639576  -0.020165   35.7777    -0.755755  -0.0803936 -0.232009  0.206591  -0.899804  0.621557   0.887061   -0.204557  0.133387    -0.681787   0.220969   -0.779117   0.521935   -0.168676 -0.609101 -0.165822  -0.365357 0.437144   0.739426   0.602354    0.0186634
-0.508361  0.363024   -0.225851  -0.00957556 -0.907146  0.846178  -0.419638   0.20147    0.0290268   -0.0971261 0.373396   -0.903695 -0.485227  0.00869725 0.652167   0.199191   -0.108817 0.883011    -0.921342  33.8662    0.0505578  0.805878   -0.387487 -0.635573  -0.937022  0.216051   -0.551761  0.0100465   -0.00465785 -0.307844  0.953648    0.811529   0.0434125 0.0108048 0.70737    -0.065787 -0.27951   0.338541   -0.767494   -0.619116
-0.827186  -0.528845  -0.0297433 -0.299559   0.822046   0.663868  0.881602    -0.613021  0.23941     0.0462929  -0.908666  -0.484281 0.718039   -0.816801  -0.674576  -0.888642  0.126235  -0.229057   -0.211958  -0.588075  43.586     0.334679   -0.395086 0.707889   -0.407233  -0.0881103 -0.607042  -0.644395   -0.525108   0.532377   -0.435222   0.956155   -0.70714  0.590603  -0.625899  -0.107317 0.470693   -0.504893  0.703511    -0.886639
-0.195068  0.0417249  0.559655   0.523809    0.616241   0.443627  -0.68131    -0.0424334 -0.565587   -0.774238  -0.765308  0.264609  -0.879872  0.605644   0.399382   0.525294   -0.534832 0.403326    -0.807058  -0.0467467 -0.751594  36.2776    -0.780936 -0.609778  -0.131891  0.0787836  0.473082   0.290106    -0.683635   -0.0490585 -0.00695592 -0.581276  -0.259354 0.687307  -0.334838  0.104466  -0.0470922 -0.662631  0.85429     0.569888
0.204982   -0.919575  0.646198   -0.186111   0.459719   0.767481  -0.00168693 -0.754037  -0.206432   -0.938463  0.176574   0.548211  0.0764286  -0.201477  0.161819   0.467869   0.976731  -0.696516   -0.502271  -0.656667  -0.210277  -0.080361  33.311    0.572771   0.338055   -0.77181   -0.440984  -0.0188576  0.652732    -0.118333  0.0180698   0.330878   0.526667  -0.354465 -0.0679213 0.132286  -0.642686  0.72375    0.115167    -0.14105
-0.347419  -0.342305  -0.439202  0.486447    -0.516604  -0.684779 -0.490574   -0.544002  0.271798    0.61924    0.779473   -0.365271 0.03288    0.164471   -0.669969  -0.732081  -0.383465 0.340368    0.562381   0.172732   0.0647447  0.605939   0.681253  34.869     0.0182635  0.2074     0.421482   -0.167946   0.508121    -0.924478  0.334416    -0.0377777 0.0221998 0.205717  -0.708559  0.90181   0.383541   -0.836839  0.500794    0.185218
-0.0975077 0.242361   -0.765365  -0.202727   0.454478   -0.217514 -0.940698   -0.536256  -0.248733   0.442357   0.473003   -0.829443 0.047885   0.979837   0.826334   -0.0531712 0.993424  0.484101    -0.10632   0.806722   0.862612   -0.0518456 0.146715  0.909251   43.5949    0.757158   0.934746   0.230085    -0.0691255  0.937719   -0.969763   -0.902121  -0.23604  0.990142  -0.652918  -0.658501 -0.8001    -0.902288  -0.127553   0.246842
0.503335   0.133029   -0.566767  0.498056    0.1168     0.672228  0.40147     -0.865802  0.722878    0.80427    0.651789   0.719284  -0.835452  -0.315478  0.32738    -0.594764  -0.510136 0.907854    0.2825     0.694646   -0.491486  0.754571   0.701326  -0.316791  -0.0970054 41.8198    0.303582   -0.797766   -0.9141     -0.43754   0.1241      0.60615    -0.56198  -0.57744  -0.515777  -0.304061 0.0436097  -0.97003   -0.297146   0.155437
0.520668   -0.324336  0.1952     -0.222023   -0.943151  0.523875  0.948081    -0.113322  0.579364    0.123197   -0.905956  -0.317484 0.147653   0.614952   -0.960509  0.610027   -0.275734 -0.975089   -0.646124  0.567765   0.0970371  -0.231743  -0.5187   -0.0706913 -0.387832  -0.706     36.6778    -0.192349   -0.20396    -0.721176  -0.061682   0.0266893  -0.878492 0.367463  -0.0752561 0.514146  -0.626394  -0.226806  -0.951801   -0.276839
-0.360243  -0.819538  -0.755978  -0.506077   -0.59763   0.0244535 0.272508    -0.049843  0.223825    -0.386602  -0.285492  0.25699   0.50177    0.586328   0.591926   0.0723211  0.166014  -0.631785   -0.0720163 -0.185491  -0.0601807 0.160379   0.19502   0.688039   0.0253721  -0.456251  0.740931   35.7899     -0.909456   0.66274    -0.860622   0.548363   0.49131   0.764392  0.827407   0.251938  -0.293159  -0.669496  0.36052     -0.798181
0.871273   0.0167321  0.516708   0.373236    -0.538446  -0.533297 0.926258    0.611387   -0.864542   -0.682575  -0.40225   0.0893796 0.0278675  -0.108035  0.101594   -0.0837274 0.457869  0.696345    -0.179372  -0.348704  0.569888   -0.704886  -0.961404 0.165599   -0.298281  -0.577184  -0.855547  0.990943    37.7001     -0.82504   -0.134753   -0.223381  -0.142265 0.624632  -0.495326  -0.381716 -0.780461  -0.188164  0.347191    0.907977
0.643207   0.911249   -0.885605  0.183837    0.253049   0.723532  0.278987    0.730038   -0.29821    0.32805    0.457873   0.305425  -0.857332  0.864277   0.856333   0.77126    0.668162  0.136159    -0.656907  -0.508452  0.924474   -0.734673  -0.426757 0.927126   -0.38368   0.0963975  -0.279513  0.830544    0.665374    40.5969    -0.226828   0.161692   0.0943643 -0.025948 -0.677051  -0.140266 0.764413   -0.0544251 0.671513    0.194903
-0.333817  -0.232894  0.245282   -0.848607   0.854284   -0.893271 -0.167166   0.879486   -0.553862   0.32236    0.020376   0.0550941 0.367157   -0.0208057 -0.243288  -0.574396  -0.136078 0.830719    -0.354346  -0.22259   0.147391   -0.492587  0.167529  -0.689377  0.787853   0.417421   -0.803291  0.0802405   0.354502    0.319395   32.1671     0.287004   0.0104213 -0.606101 -0.242682  0.661489  0.231157   -0.818025  0.0869689   -0.185911
0.629157   -0.361783  0.0208609  0.679506    0.543048   -0.174549 -0.359267   -0.124689  -0.00349176 -0.129472  -0.46995   -0.907956 0.276565   0.968572   0.221576   0.963018   0.0844509 -0.833058   -0.886761  -0.631421  -0.761011  0.132079   -0.593672 0.177805   -0.0944891 0.871165   0.59239    -0.354019   -0.553583   0.196244   -0.774434   38.0355    -0.58644  0.744849  -0.871638  0.311452  -0.770918  -0.22037   -0.816597   -0.23755
0.23692    -0.763448  -0.416201  -0.739285   0.752318   0.420409  0.552017    0.830158   0.530014    0.363196   -0.905168  -0.360441 0.756263   -0.685676  -0.565142  -0.068093  0.812344  -0.411807   -0.546278  -0.892341  -0.256561  -0.0415482 0.101874  0.547981   0.237965   -0.947651  0.791451   0.614691    0.942461    -0.211665  0.343533    0.281782   42.0445   0.611913  -0.66619   0.0816633 -0.0228758 0.181377   0.823027    -0.976352
0.124328   0.209825   -0.0930524 0.346599    0.226753   0.645099  -0.510854   0.703226   -0.433159   0.688972   0.348379   -0.654498 0.293012   -0.736484  0.882967   0.980645   -0.896181 0.49432     -0.548083  -0.28314   -0.450501  0.413939   -0.572307 0.293444   0.32288    -0.923327  0.321227   -0.839782   -0.24107    -0.821075  -0.223526   0.0425668  -0.263396 37.2      0.463542   0.28382   0.707998   0.495787   -0.659605   0.154971
0.566966   -0.363639  -0.381363  -0.0255242  0.679298   -0.202827 0.615274    -0.964709  0.193077    0.177046   -0.545247  0.0446634 0.531631   0.744714   -0.6737    -0.571283  0.776494  0.650881    -0.528657  0.0472064  -0.799301  0.52351    -0.536945 0.00631356 0.154905   -0.695467  -0.804124  0.615528    0.192214    -0.707255  -0.609435   0.717941   0.268955  0.349377  40.368     -0.688429 -0.503094  -0.998571  0.817903    0.402124
0.246611   0.757142   0.0669449  0.697721    -0.753126  0.442144  -0.672029   0.38427    -0.290579   -0.714682  0.848868   0.877057  0.995049   0.383825   -0.827167  -0.623983  -0.720258 -0.273833   -0.154306  -0.635486  0.931861   -0.556869  0.286042  0.976196   0.429166   0.533712   0.267856   -0.612815   0.343856    -0.239928  0.843023    -0.201843  0.529716  0.324146  -0.780633  44.2502   0.466694   0.00921457 0.853286    0.784292
-0.933017  -0.699625  -0.382335  0.537122    -0.185269  -0.67393  -0.666551   0.789658   -0.288434   0.954395   -0.399618  -0.19226  -0.408253  0.988974   0.765455   -0.396427  0.889571  0.127627    -0.817005  0.395446   0.386465   -0.691773  0.877035  -0.292827  0.109245   -0.0521065 -0.0740204 0.921903    0.876237    0.335827   0.911279    0.145746   0.741107  0.604501  0.126487   0.90434   41.2603    0.30511    0.607218    0.0966576
-0.630056  -0.869663  -0.823745  -0.490708   -0.0369599 0.460342  -0.786732   0.909646   0.828854    -0.81134   -0.688757  -0.858826 -0.498723  -0.979277  -0.637371  0.344861   -0.215539 0.0912712   0.27445    0.206831   0.383994   -0.760038  0.799962  0.0348838  0.768791   -0.884624  0.190249   -0.0147087  0.351598    -0.0244063 0.302337    -0.906205  0.487375  0.215441  -0.106478  -0.233296 0.59051    40.3584    0.394505    -0.77081
0.966456   -0.292581  -0.451282  0.330884    0.956693   -0.490917 0.176251    0.194197   0.432684    0.132509   0.465785   -0.782519 0.691293   -0.405296  -0.280592  -0.948185  0.701216  0.509843    0.656454   0.162384   -0.0410628 -0.449445  -0.457437 0.616825   0.603297   0.911786   0.690605   0.197573    -0.819888   0.149122   -0.251215   -0.769937  -0.483218 0.0915923 -0.739585  0.150574  -0.371975  0.249622   38.1269     -0.313118
0.762006   -0.681762  0.905933   -0.685807   0.47843    -0.238776 0.353967    0.572895   0.0903735   -0.637433  0.223343   0.955587  0.418121   -0.145618  0.792151   -0.525329  -0.793754 -0.00813535 0.0585514  -0.656919  -0.419886  -0.326016  -0.267784 -0.441495  0.470537   -0.436507  -0.125963  -0.735133   0.991118    0.224626   0.831342    0.390245   0.25417   0.562546  -0.748391  -0.141845 -0.384583  -0.0994274 -0.974352   38.264
B
-1.836 -1.67211 -2.4052 -2.75941 -1.04725 -2.53932 -2.9433 -2.44638 -2.54519 -2.38885 -1.64867 -1.70957 -2.20091 -1.89207 -1.14961 -1.00259 -1.54044 -2.65443 -2.15019 -2.0053 -1.05434 -2.11021 -2.06556 -1.66928 -2.41988 -1.00231 -2.64314 -1.57189 -2.58885 -2.02566 -2.6456 -1.54477 -2.75784 -2.32559 -1.39957 -1.46919 -2.7151 -1.66798 -2.38986 -2.40684
X
-0.059367 -0.050406 -0.0633654 -0.0736639 -0.0206146 -0.0618194 -0.0752599 -0.0536127 -0.0633142 -0.0573297 -0.0469029 -0.0441616 -0.0537468 -0.0439721 -0.0385597 -0.0163444 -0.0375529 -0.0550907 -0.0641362 -0.0619326 -0.0303628 -0.0627129 -0.0633795 -0.044377 -0.0549157 -0.0213294 -0.0794669 -0.0456312 -0.0707975 -0.0429417 -0.0869499 -0.0490267 -0.0621939 -0.0625125 -0.0355846 -0.0250764 -0.0580399 -0.0456143 -0.0608105 -0.0610183
Determinant
4718350000000000000000000000000000000000000000000000000000000000.