A
0.734403  0.460513  0.871425  0.339257  0.716508  0.332395 0.2214    0.75588  0.0750114 0.171444
0.0807966 0.0506641 0.360126  0.0722563 0.145875  0.151271 0.0976465 0.954882 0.382966  0.708882
0.450803  0.108246  0.380193  0.47968   0.943073  0.612105 0.100795  0.878223 0.201093  0.179609
0.582705  0.116601  0.994497  0.941152  0.0295809 0.254718 0.515437  0.389022 0.219793  0.114583
0.267421  0.291811  0.0944599 0.492135  0.545655  0.967438 0.115506  0.141126 0.0514222 0.423295
0.578784  0.180983  0.856537  0.301645  0.737645  0.634068 0.0610081 0.855167 0.746522  0.265213
0.824314  0.0344559 0.677465  0.934505  0.26814   0.316289 0.138902  0.462524 0.317045  0.263993
0.552901  0.4757    0.738182  0.169789  0.455527  0.323906 0.73952   0.550673 0.0853347 0.160021
0.864984  0.468771  0.0663034 0.828689  0.474436  0.293244 0.187498  0.212048 0.958438  0.913681
0.852605  0.600512  0.531668  0.298125  0.078885  0.892433 0.0147459 0.214342 0.286941  0.190837
B
0.0115328 0.0171479 0.804464 0.733105 0.854957 0.0648662 0.600271 0.00898702 0.248132 0.810849
X
-0.571515 1.09504 -1.18842 1.62738 -0.912737 0.912009 0.0272079 1.29872 0.0910388 -1.3602
Determinant
0.0310801