A
0.925512  0.555051 0.921422 0.0946993 0.807032  0.618951  0.434692 0.768127
0.683076  0.179788 0.158142 0.0776683 0.0182796 0.48473   0.967567 0.208701
0.425063  0.350368 0.390724 0.0258901 0.685671  0.665673  0.397188 0.869651
0.353917  0.230092 0.958368 0.191206  0.421898  0.13426   0.632479 0.663447
0.529897  0.910723 0.548121 0.976949  4.33573   0.726584  0.466249 0.108741
0.0937264 0.89211  0.239304 0.642383  0.272707  0.0521745 0.147904 0.378546
0.278894  0.388913 0.8919   0.404946  0.802112  0.928087  0.803114 0.359275
0.806266  0.341936 0.490346 0.275086  0.198113  0.408317  0.232495 0.128562
B
0.29603 0.17273 0.831714 0.360591 0.0538014 0.439378 0.938993 0.0438782
X
-0.558042 -0.468406 -0.120928 0.952803 -0.195862 0.954615 -0.0652963 0.897352
Determinant
0.273397